15 15
31 19 29 29 29 29 29 29 29 29 29 29 29 29 29
32 31 19 29 29 29 29 29 29 29 29 29 29 29 29
22 32 31 19 29 29 29 29 29 29 29 29 29 29 29
29 22 32 31 19 29 29 29 29 29 29 29 29 29 29
29 29 22 32 31 19 29 29 29 29 29 29 29 29 29
29 29 29 22 32 31 19 29 29 29 29 29 29 29 29
29 29 29 29 22 32 31 19 29 29 29 29 29 29 29
29 29 29 28 29 22 14 31 23 5 5 5 29 29 29
29 29 29 29 28 29 14 14 14 20 29 29 29 29 29
29 29 13 12 28 29 14 14 14 29 29 29 29 29 29
29 29 12 12 29 29 32 14 33 29 29 29 29 29 29
5 5 5 5 5 25 22 17 20 29 29 29 29 29 29
29 29 29 29 30 14 14 14 14 14 31 5 5 5 5
29 29 29 29 14 14 14 14 14 14 14 29 29 29 29
29 29 29 29 14 14 14 14 14 14 14 29 29 29 29